1.745947265625000000e+01 -1.606810379028320312e+01
-8.150019645690917969e+00 -1.472186660766601562e+01
1.645214462280273438e+01 -1.481261825561523438e+01
-2.356322288513183594e+01 6.604716777801513672e+00
1.332964324951171875e+01 -1.869488334655761719e+01
1.422856998443603516e+01 1.363870143890380859e+01
9.873876571655273438e+00 -1.742835235595703125e+01
-2.210838127136230469e+01 1.852047538757324219e+01
-2.652137565612792969e+01 1.209943389892578125e+01
-2.427341270446777344e+01 1.898896026611328125e+01
-2.740936279296875000e+01 1.810067939758300781e+01
-2.730622100830078125e+01 2.233629798889160156e+01
-2.977929115295410156e+01 2.129390907287597656e+01
-2.930671501159667969e+01 2.153657531738281250e+01
-2.747701454162597656e+01 1.916742706298828125e+01
1.763619995117187500e+01 -1.520352458953857422e+01
-3.114685821533203125e+01 2.181619834899902344e+01
-6.039891242980957031e-01 -3.334227561950683594e+00
-4.275372028350830078e+00 -3.293071985244750977e-01
2.159837532043457031e+01 1.736319541931152344e+01
-2.395455551147460938e+01 2.423492050170898438e+01
3.051419639587402344e+01 1.000601291656494141e+01
-9.868282318115234375e+00 -9.531952857971191406e+00
-1.086672115325927734e+01 -5.435333251953125000e+00
3.176332283020019531e+01 2.163871765136718750e+01
-2.608394432067871094e+01 4.700232505798339844e+00
-3.124407386779785156e+01 1.284834861755371094e+01
-2.472938728332519531e+01 2.191720390319824219e+01
-2.735324096679687500e+01 1.693767356872558594e+01
-3.299260735511779785e-01 -2.242618179321289062e+01
-2.887092018127441406e+01 6.691124916076660156e+00
-2.595489263534545898e+00 1.294013500213623047e+00
-2.157205772399902344e+01 -5.253533840179443359e+00
1.500905227661132812e+01 1.293409538269042969e+01
-1.541678905487060547e+00 -3.368073701858520508e+00
6.769968032836914062e+00 -1.789070892333984375e+01
-2.816235733032226562e+01 -1.166279315948486328e+00
-7.187210083007812500e+00 -4.652759075164794922e+00
-3.013319778442382812e+01 2.359084892272949219e+01
9.806855201721191406e+00 -1.669788360595703125e+01
-3.033409881591796875e+01 2.287898063659667969e+01
-2.565170478820800781e+01 9.190471649169921875e+00
-2.695281410217285156e+01 8.433791160583496094e+00
-2.149690628051757812e+01 1.475162887573242188e+01
-3.161770629882812500e+01 1.302537631988525391e+01
-3.186407089233398438e+01 1.441582679748535156e+01
-2.094665908813476562e+01 1.672176361083984375e+01
-9.441042900085449219e+00 -2.682533264160156250e+00
-2.813664436340332031e+01 6.933592319488525391e+00
-2.940251541137695312e+01 1.159043979644775391e+01
-2.396984481811523438e+01 1.292652130126953125e+01
-2.839897727966308594e+01 -2.605474233627319336e+00
8.972332954406738281e+00 -1.734649085998535156e+01
1.142693996429443359e+01 -2.327961921691894531e+00
-1.945647048950195312e+01 2.728662109375000000e+01
-3.169874191284179688e+01 1.121430492401123047e+01
1.521069526672363281e+01 -1.385337829589843750e+01
7.883059501647949219e+00 -8.951920509338378906e+00
-7.103344917297363281e+00 2.720525503158569336e+00
-2.465555000305175781e+01 2.316375923156738281e+01
-2.788974571228027344e+01 1.381417846679687500e+01
-2.791721153259277344e+01 1.341933917999267578e+01
7.022602081298828125e+00 1.021125984191894531e+01
-2.542922019958496094e+01 -1.125169563293457031e+01
-2.613562011718750000e+01 -1.081386566162109375e+01
-2.100945854187011719e+01 1.066038990020751953e+01
-1.513659834861755371e+00 -2.078139114379882812e+01
1.361703968048095703e+01 -4.927950859069824219e+00
-1.743780136108398438e+01 -4.258749485015869141e+00
3.327637910842895508e+00 2.775214576721191406e+01
-1.890846443176269531e+01 -1.075992679595947266e+01
2.424685955047607422e+00 9.142735481262207031e+00
1.176004886627197266e+01 -2.029964637756347656e+01
1.993222999572753906e+01 -2.341121101379394531e+01
3.888985157012939453e+00 1.090584754943847656e+01
1.615324974060058594e+01 1.444630241394042969e+01
1.436092567443847656e+01 1.302454948425292969e+01
-3.392770385742187500e+01 -1.547340679168701172e+01
-4.487653255462646484e+00 -2.740476226806640625e+01
1.387444972991943359e+01 -2.576861190795898438e+01
-1.318567276000976562e+01 -1.828683471679687500e+01
4.175528526306152344e+00 1.031658744812011719e+01
-7.943822860717773438e+00 -6.339680194854736328e+00
2.988268089294433594e+01 4.262065887451171875e+00
-2.692820739746093750e+01 6.045847415924072266e+00
-1.572294425964355469e+01 -2.360432052612304688e+01
5.736515045166015625e+00 -7.652040004730224609e+00
-3.236933135986328125e+01 -1.343557739257812500e+01
-2.434348297119140625e+01 -2.161027336120605469e+01
4.766459465026855469e+00 3.539526462554931641e+00
1.827903175354003906e+01 -1.570433425903320312e+01
-1.127910518646240234e+01 -1.276030158996582031e+01
-2.195447921752929688e+01 -2.592427444458007812e+01
-3.596402168273925781e+00 9.870604515075683594e+00
6.471155881881713867e-01 5.528045654296875000e+00
-2.155522346496582031e+01 -1.721327209472656250e+01
-2.651873779296875000e+01 -1.156193828582763672e+01
-2.613562011718750000e+01 -1.081386566162109375e+01
-4.275662899017333984e+00 -2.632137107849121094e+01
-1.086787891387939453e+01 -5.434905052185058594e+00
-2.887597084045410156e+00 -8.277825355529785156e+00
1.061434388160705566e+00 -1.063675022125244141e+01
1.516455459594726562e+01 1.349434280395507812e+01
-2.816235733032226562e+01 -1.166279315948486328e+00
1.844228935241699219e+01 -6.614675045013427734e+00
1.121010112762451172e+01 -2.596684694290161133e+00
4.101731777191162109e+00 -4.977666854858398438e+00
4.274888992309570312e+00 -5.571911811828613281e+00
1.226249313354492188e+01 -1.248024559020996094e+01
4.792548656463623047e+00 1.009740734100341797e+01
-1.209739494323730469e+01 2.084671020507812500e+01
-1.430296516418457031e+01 2.165417289733886719e+01
-3.112768411636352539e+00 5.341163158416748047e+00
8.599240303039550781e+00 9.733444213867187500e+00
-4.356278896331787109e+00 5.306542873382568359e+00
8.866158485412597656e+00 9.760980606079101562e+00
-1.939133644104003906e+00 -1.594293308258056641e+01
-1.551425075531005859e+01 -3.272977447509765625e+01
-4.141652584075927734e+00 3.017256927490234375e+01
-1.451637172698974609e+01 1.961029052734375000e+01
-4.245288848876953125e+00 2.700640678405761719e+01
-2.540928363800048828e+00 -1.332890415191650391e+01
2.721737480163574219e+01 2.499497222900390625e+01
-9.956645965576171875e+00 2.209177398681640625e+01
-1.029018688201904297e+01 2.222654342651367188e+01
-1.592420387268066406e+01 1.501813030242919922e+01
2.156755065917968750e+01 2.384086608886718750e+01
-1.681101608276367188e+01 -2.808046722412109375e+01
-2.905542945861816406e+01 -1.403623485565185547e+01
-4.487542152404785156e+00 -2.740480613708496094e+01
-5.460779666900634766e+00 -2.563880729675292969e+01
-5.496342182159423828e+00 1.704689788818359375e+01
2.525009155273437500e+01 1.868979454040527344e+01
2.696848678588867188e+01 1.169439220428466797e+01
-2.524714660644531250e+01 1.519161319732666016e+01
-6.937437653541564941e-01 1.260042095184326172e+01
-3.169874191284179688e+01 1.121430492401123047e+01
-2.230521774291992188e+01 1.875535774230957031e+01
-2.914957046508789062e+01 6.729362487792968750e+00
-2.692902755737304688e+01 6.044527530670166016e+00
-2.422414016723632812e+01 1.719397354125976562e+01
-3.949921369552612305e+00 9.577510833740234375e+00
-1.229007148742675781e+01 -2.710966110229492188e+01
-3.819772243499755859e+00 -1.865522956848144531e+01
-1.270600223541259766e+01 1.964787673950195312e+01
-1.124573707580566406e+01 2.368514251708984375e+01
-2.587028121948242188e+01 -1.183381271362304688e+01
1.132322192192077637e+00 -1.677473068237304688e+01
-3.247053146362304688e+01 -1.157949447631835938e+01
-6.244671821594238281e+00 -3.398005962371826172e+00
-2.004893302917480469e+01 1.875199890136718750e+01
-1.625480461120605469e+01 1.486764812469482422e+01
-1.133742141723632812e+01 -6.763690471649169922e+00
2.832417011260986328e+00 1.492196273803710938e+01
6.369956970214843750e+00 -1.094955921173095703e+01
6.369870662689208984e+00 -1.095004558563232422e+01
-1.311451625823974609e+01 -1.824160194396972656e+01
-3.311845016479492188e+01 5.110109329223632812e+00
-1.066682529449462891e+01 -1.521624946594238281e+01
-8.735870361328125000e+00 1.650224494934082031e+01
-1.656272506713867188e+01 -2.459569168090820312e+01
-3.193610572814941406e+01 9.811963081359863281e+00
-1.600623512268066406e+01 1.008880424499511719e+01
-9.442091941833496094e+00 -2.682506084442138672e+00
-1.177639865875244141e+01 1.754233551025390625e+01
-1.366521263122558594e+01 1.593999576568603516e+01
-6.888858079910278320e-01 -6.061031341552734375e+00
8.767156600952148438e+00 1.368368053436279297e+01
1.819672966003417969e+01 -1.459379291534423828e+01
-2.212450408935546875e+01 -1.631800270080566406e+01
-2.155522346496582031e+01 -1.721327209472656250e+01
-1.708761978149414062e+01 -1.572417449951171875e+01
-5.602752685546875000e+00 6.642518997192382812e+00
-4.471638202667236328e+00 1.909174346923828125e+01
-9.687859535217285156e+00 -4.247084617614746094e+00
2.840419006347656250e+01 -1.203860664367675781e+01
2.798449707031250000e+01 -1.032116508483886719e+01
2.395890808105468750e+01 -1.039492130279541016e+00
-2.091228103637695312e+01 1.067514991760253906e+01
1.706677436828613281e+01 -2.309438705444335938e+01
2.502875709533691406e+01 -5.605838727205991745e-03
2.983653259277343750e+01 1.391949462890625000e+01
2.669778060913085938e+01 -8.617611229419708252e-02
-4.237994194030761719e+00 2.675301933288574219e+01
-2.094579124450683594e+01 1.672171211242675781e+01
-3.038228034973144531e+00 -1.630076408386230469e+01
-3.140682220458984375e+01 -1.507703304290771484e+01
-3.534986495971679688e+01 -1.226235771179199219e+01
-1.945640563964843750e+01 2.728661918640136719e+01
-4.160117149353027344e+00 -6.881853580474853516e+00
5.936600685119628906e+00 -9.222618103027343750e+00
8.408510208129882812e+00 -4.680148601531982422e+00
1.570295047760009766e+01 -1.339518833160400391e+01
2.137528038024902344e+01 -7.836351871490478516e+00
-2.271682739257812500e+01 2.418402481079101562e+01
2.339307212829589844e+01 1.754526710510253906e+01
-2.155053710937500000e+01 1.952634048461914062e+01
-2.686810255050659180e+00 -8.597904205322265625e+00
7.695907115936279297e+00 -4.470429897308349609e+00
3.116862058639526367e+00 1.415634536743164062e+01
1.277652549743652344e+01 -1.295671749114990234e+01
1.257594776153564453e+01 -1.188058090209960938e+01
4.844232082366943359e+00 -5.379843711853027344e+00
4.664745330810546875e+00 -4.800096988677978516e+00
7.549868106842041016e+00 -2.185189628601074219e+01
3.218234634399414062e+01 1.435822486877441406e+00
1.363151073455810547e+01 5.595120906829833984e+00
3.093231010437011719e+01 1.518172979354858398e+00
3.425835037231445312e+01 2.840405464172363281e+00
2.028067588806152344e+01 1.971574211120605469e+01
-1.594775390625000000e+01 -2.956602859497070312e+01
-1.551440715789794922e+01 -3.273008346557617188e+01
-1.452600193023681641e+01 -3.041081428527832031e+01
-1.102662754058837891e+01 -8.784595489501953125e+00
-1.767214584350585938e+01 -1.383798217773437500e+01
3.791771888732910156e+00 -2.103733634948730469e+01
-2.022513198852539062e+01 1.496975517272949219e+01
-1.313873958587646484e+01 -6.095396041870117188e+00
-1.509800815582275391e+01 6.885122656822204590e-01
1.151075458526611328e+01 1.923603630065917969e+01
2.691201400756835938e+01 -2.431421995162963867e+00
-5.766122817993164062e+00 -1.443136501312255859e+01
-1.335330390930175781e+01 -1.507159614562988281e+01
-6.422819942235946655e-02 -5.119767785072326660e-01
1.605184555053710938e+00 -2.099431610107421875e+01
-3.218922042846679688e+01 1.522760963439941406e+01
-2.878907585144042969e+01 1.092386913299560547e+01
-2.565396118164062500e+01 9.190799713134765625e+00
1.825922393798828125e+01 -2.142644882202148438e+01
1.401515102386474609e+01 4.322068214416503906e+00
1.674346351623535156e+01 -1.154418087005615234e+01
1.002041530609130859e+01 -1.010617637634277344e+01
1.049319934844970703e+01 -9.850016593933105469e+00
1.009122085571289062e+01 -9.630598068237304688e+00
1.035656070709228516e+01 -4.208929061889648438e+00
1.016429424285888672e+01 -1.311343312263488770e+00
1.015765762329101562e+01 -1.852636456489562988e+00
1.068399810791015625e+01 -1.310076475143432617e+00
3.159770965576171875e+01 -2.138187170028686523e+00
3.319705581665039062e+01 1.427897095680236816e+00
6.382755756378173828e+00 -8.885689735412597656e+00
1.312787914276123047e+01 -1.737013053894042969e+01
1.046518230438232422e+01 -2.036325836181640625e+01
1.295827865600585938e+01 1.503139781951904297e+01
1.716001510620117188e+01 -4.276835441589355469e+00
1.650785255432128906e+01 -4.374643802642822266e+00
1.572494792938232422e+01 -2.527128458023071289e+00
1.317307376861572266e+01 -3.761231899261474609e-01
9.033626556396484375e+00 1.597826004028320312e+01
1.411593437194824219e+01 -1.114477252960205078e+01
1.044262599945068359e+01 -1.233381843566894531e+01
5.800285339355468750e+00 5.591194629669189453e-01
3.132438421249389648e+00 -9.093493461608886719e+00
1.701999664306640625e+01 -1.434652709960937500e+01
8.695502281188964844e+00 -2.236432266235351562e+01
-2.281068229675292969e+01 -4.144028663635253906e+00
1.623111343383789062e+01 -5.000434398651123047e+00
1.306964492797851562e+01 -6.231279373168945312e-01
3.127357864379882812e+01 -3.511569499969482422e+00
1.395365715026855469e+01 6.070979595184326172e+00
4.449876308441162109e+00 -1.474953937530517578e+01
7.862739562988281250e+00 -8.846882820129394531e+00
9.629896163940429688e+00 -4.247330188751220703e+00
-5.365608215332031250e+00 1.711037445068359375e+01
-1.228178787231445312e+01 -4.580376148223876953e+00
2.965407752990722656e+01 -1.799289703369140625e+01
2.942832946777343750e+01 -1.824650192260742188e+01
-8.859868049621582031e+00 -1.026558780670166016e+01
-1.480885314941406250e+01 -1.354606342315673828e+01
-1.427168941497802734e+01 -1.410189914703369141e+01
1.874964904785156250e+01 -1.306604290008544922e+01
1.711244773864746094e+01 -9.881818294525146484e-01
2.172770500183105469e+01 -1.116101646423339844e+01
1.018703460693359375e+01 2.540932083129882812e+01
3.041400527954101562e+01 1.770056915283203125e+01
1.729134559631347656e+01 -2.294067573547363281e+01
3.071859169006347656e+01 1.622519874572753906e+01
-2.978839874267578125e+01 1.324742984771728516e+01
7.813782215118408203e+00 -1.440119552612304688e+01
-9.301202774047851562e+00 -1.741830635070800781e+01
1.218754863739013672e+01 -2.057772254943847656e+01
2.141109085083007812e+01 -5.043488025665283203e+00
2.123924827575683594e+01 -6.104159355163574219e+00
1.385570430755615234e+01 1.019562721252441406e+01
2.198652839660644531e+01 -1.054424190521240234e+01
2.593812048435211182e-01 -1.599709701538085938e+01
8.274178504943847656e-01 1.221533298492431641e+01
-3.114685821533203125e+01 2.181619834899902344e+01
-3.315413284301757812e+01 5.106081008911132812e+00
-6.196902751922607422e+00 3.209828376770019531e+00
1.598943233489990234e+01 -1.678456497192382812e+01
-1.161940956115722656e+01 9.521018028259277344e+00
2.680928993225097656e+01 -1.460791873931884766e+01
-1.954030036926269531e+01 -1.867873001098632812e+01
-3.060278511047363281e+01 -1.636733436584472656e+01
-3.060190010070800781e+01 -1.636619377136230469e+01
6.500728130340576172e+00 -9.359192848205566406e+00
3.709575653076171875e+01 1.140798187255859375e+01
1.306379127502441406e+01 -3.378023862838745117e+00
5.342236042022705078e+00 4.757200241088867188e+00
3.139004135131835938e+01 2.170796012878417969e+01
2.479560279846191406e+01 1.171853446960449219e+01
2.478038024902343750e+01 1.656844902038574219e+01
-3.114671468734741211e+00 -8.640184402465820312e+00
1.088675737380981445e+00 6.883867740631103516e+00
2.782518768310546875e+01 -1.446055293083190918e+00
1.361633491516113281e+01 -4.937440395355224609e+00
4.770397186279296875e+00 3.539425849914550781e+00
3.138720130920410156e+01 -3.067746400833129883e+00
3.216514587402343750e+01 1.075619459152221680e+00
3.191593933105468750e+01 3.439666271209716797e+00
2.946629142761230469e+01 4.754158973693847656e+00
3.221746826171875000e+01 3.783459186553955078e+00
3.161492347717285156e+01 5.054081916809082031e+00
2.196425628662109375e+01 1.299925422668457031e+01
1.027153110504150391e+01 2.528489875793457031e+01
2.403348922729492188e+01 1.740761566162109375e+01
2.937427330017089844e+01 -9.006000518798828125e+00
2.658880424499511719e+01 1.200939846038818359e+01
2.417031860351562500e+01 1.815817070007324219e+01
2.595372200012207031e+01 1.490256881713867188e+01
4.349740982055664062e+00 1.373455429077148438e+01
-1.594746398925781250e+01 -2.956845474243164062e+01
-9.368519783020019531e+00 -3.184570503234863281e+01
-3.689621734619140625e+01 -5.338696956634521484e+00
-9.593287467956542969e+00 -1.112115192413330078e+01
1.772897911071777344e+01 6.510873317718505859e+00
-1.079159164428710938e+01 -1.076106166839599609e+01
-1.104079818725585938e+01 -1.202900218963623047e+01
-3.414363098144531250e+01 -1.578466606140136719e+01
1.874893951416015625e+01 1.636366462707519531e+01
1.724149513244628906e+01 1.266069984436035156e+01
-3.165561294555664062e+01 -1.327904129028320312e+01
1.107990860939025879e+00 -8.540754318237304688e+00
2.523449134826660156e+01 -1.103987216949462891e+01
1.447381138801574707e+00 -2.379622077941894531e+01
-1.190944099426269531e+01 9.432093620300292969e+00
-2.480314254760742188e+01 1.102038002014160156e+01
2.447256278991699219e+01 -4.113898754119873047e+00
2.498291778564453125e+01 -1.185809898376464844e+01
-1.621215248107910156e+01 1.312415957450866699e+00
1.908930778503417969e+01 1.624704551696777344e+01
1.826074600219726562e+01 -2.142845916748046875e+01
-6.892502307891845703e+00 -8.972585678100585938e+00
-8.479249954223632812e+00 -6.359744071960449219e+00
-8.073007583618164062e+00 1.552961444854736328e+01
-1.121430683135986328e+01 -3.479106426239013672e+00
-3.375218963623046875e+01 -6.422109603881835938e+00
-3.296683883666992188e+01 -6.004773139953613281e+00
-3.569182586669921875e+01 -8.400181770324707031e+00
3.321160888671875000e+01 1.215084195137023926e+00
2.281378507614135742e+00 6.860732555389404297e+00
1.915280914306640625e+01 -1.594401359558105469e+01
1.572662448883056641e+01 -2.531897783279418945e+00
-9.794151306152343750e+00 -1.964391517639160156e+01
-1.416144943237304688e+01 -3.273549079895019531e+00
3.133316040039062500e+00 -9.093864440917968750e+00
8.127037048339843750e+00 1.392243671417236328e+01
4.352015495300292969e+00 1.137047767639160156e+01
2.068895101547241211e+00 7.058107852935791016e+00
1.573965358734130859e+01 -1.540014076232910156e+01
8.879777908325195312e+00 -2.203592872619628906e+01
1.763831520080566406e+01 8.915999412536621094e+00
2.479903793334960938e+01 1.172178173065185547e+01
-8.395438194274902344e+00 1.997512054443359375e+01
-2.285073471069335938e+01 2.416166877746582031e+01
-1.368723201751708984e+01 1.893988800048828125e+01
2.247470092773437500e+01 2.485169982910156250e+01
-1.313544464111328125e+01 1.758785247802734375e+01
-6.480835437774658203e+00 2.031755638122558594e+01
-1.099684238433837891e+01 1.428547573089599609e+01
2.285045623779296875e+01 2.391600418090820312e+01
2.139206314086914062e+01 2.040145492553710938e+01
-2.976531410217285156e+01 -9.116446495056152344e+00
3.677077054977416992e+00 -1.402546691894531250e+01
-1.136601543426513672e+01 9.764082908630371094e+00
3.229383468627929688e+01 2.091184425354003906e+01
-1.890795707702636719e+01 -1.075865840911865234e+01
3.031727409362792969e+01 -1.782797050476074219e+01
1.321887397766113281e+01 3.006454086303710938e+01
-1.298647975921630859e+01 1.573404550552368164e+00
2.837323379516601562e+01 1.968022346496582031e+01
-5.083600997924804688e+00 -1.383645820617675781e+01
-1.572309112548828125e+01 -2.360448265075683594e+01
-4.778944492340087891e+00 -2.075423240661621094e+01
-2.195571136474609375e+01 -2.592489051818847656e+01
-9.869237899780273438e+00 -9.532938957214355469e+00
-9.614070892333984375e+00 -4.894133806228637695e-01
2.067807006835937500e+01 2.745254516601562500e+00
2.158866310119628906e+01 1.920015144348144531e+01
-3.946374356746673584e-01 -1.517487525939941406e+01
-2.316395759582519531e+00 2.218953323364257812e+01
1.073294258117675781e+01 2.436790657043457031e+01
2.421038818359375000e+01 1.894504928588867188e+01
2.644796180725097656e+01 2.180988693237304688e+01
3.612821197509765625e+01 1.274890232086181641e+01
-8.464159965515136719e+00 2.586065101623535156e+01
2.551231765747070312e+01 1.116300392150878906e+01
2.899250221252441406e+01 -9.394974708557128906e+00
3.044755744934082031e+01 1.761636543273925781e+01
2.654448127746582031e+01 9.490333557128906250e+00
-5.843573093414306641e+00 -2.725644588470458984e+00
2.637322616577148438e+01 1.820148658752441406e+01
7.913399696350097656e+00 -1.534193229675292969e+01
-1.192936182022094727e+00 -1.091171073913574219e+01
-1.000965595245361328e+01 2.764673423767089844e+01
-9.280178070068359375e+00 2.684842109680175781e+01
-2.235876274108886719e+01 -2.458236932754516602e+00
-1.286006736755371094e+01 -8.589128494262695312e+00
-6.836598396301269531e+00 -2.136899757385253906e+01
1.175770282745361328e+01 -2.084024238586425781e+01
-9.074364662170410156e+00 1.800790786743164062e+01
-3.710817396640777588e-01 6.867064952850341797e+00
2.712778747081756592e-01 -2.114261817932128906e+01
1.617732810974121094e+01 -7.021993637084960938e+00
1.382615184783935547e+01 -2.578291893005371094e+01
2.773624420166015625e+01 1.711857604980468750e+01
-3.429179763793945312e+01 -1.430771827697753906e+01
2.687679100036621094e+01 -1.075514507293701172e+01
2.669829177856445312e+01 -8.620247989892959595e-02
-2.338760185241699219e+01 6.900371074676513672e+00
2.672473526000976562e+01 7.670319557189941406e+00
2.785323715209960938e+01 -1.048627758026123047e+01
2.646513938903808594e+01 2.591257286071777344e+01
1.759057617187500000e+01 2.570590591430664062e+01
-3.552312088012695312e+01 -1.060041522979736328e+01
-3.215024948120117188e+01 -1.042883396148681641e+01
1.708756566047668457e+00 -2.429441261291503906e+01
4.227390766143798828e+00 1.964973449707031250e+01
1.074368858337402344e+01 -1.745891952514648438e+01
1.578400707244873047e+01 1.879697990417480469e+01
5.127575397491455078e+00 1.067117881774902344e+01
1.013750743865966797e+01 -7.823888301849365234e+00
1.725466346740722656e+01 -5.817265510559082031e+00
-7.381544589996337891e+00 -1.071353244781494141e+01
1.841080856323242188e+01 2.667151451110839844e+01
3.605198287963867188e+01 1.279367446899414062e+01
2.407825279235839844e+01 1.631784629821777344e+01
-1.192707252502441406e+01 2.503227949142456055e+00
-9.384751319885253906e+00 3.161285638809204102e+00
1.736323547363281250e+01 2.128085136413574219e+01
-1.538496971130371094e+01 -8.141417503356933594e+00
-1.259831714630126953e+01 3.151034593582153320e+00
-2.567648887634277344e-02 -2.061956977844238281e+01
1.773238372802734375e+01 6.850752830505371094e+00
2.686027908325195312e+01 7.380212306976318359e+00
-2.606615781784057617e+00 -1.037367463111877441e+00
-6.947897911071777344e+00 1.176164388656616211e+00
2.447257614135742188e+01 -4.114208698272705078e+00
2.543033409118652344e+01 -1.013086891174316406e+01
-9.748091697692871094e+00 -6.227871894836425781e+00
-2.311780452728271484e+00 -1.737145036458969116e-01
-7.112817764282226562e-01 3.657148361206054688e+00
1.150589561462402344e+01 1.922121047973632812e+01
-1.508225536346435547e+01 6.287529468536376953e-01
-9.486051559448242188e+00 1.860156631469726562e+01
-3.054542350769042969e+01 -1.210804843902587891e+01
-3.434933471679687500e+01 -1.171970462799072266e+01
1.661265945434570312e+01 -7.303603649139404297e+00
8.314120292663574219e+00 1.436820316314697266e+01
1.528296375274658203e+01 1.659351730346679688e+01
1.701284599304199219e+01 -4.738798618316650391e+00
6.321359157562255859e+00 5.395444393157958984e+00
2.196468544006347656e+01 1.300075054168701172e+01
-1.650638771057128906e+01 -1.238515186309814453e+01
1.654135322570800781e+01 -1.570782661437988281e+01
6.186630249023437500e+00 4.821330547332763672e+00
3.333511352539062500e+01 -6.801958084106445312e-01
2.591032409667968750e+01 1.695450782775878906e+01
2.618055152893066406e+01 9.703243255615234375e+00
4.593225002288818359e+00 2.386168956756591797e+00
-2.144352531433105469e+01 1.908895874023437500e+01
2.310097312927246094e+01 2.569918060302734375e+01
-3.678005599975585938e+01 -1.352754211425781250e+01
-6.187936782836914062e+00 -8.310016632080078125e+00
-2.962651634216308594e+01 -1.131420898437500000e+01
-3.144730186462402344e+01 -9.872268676757812500e+00
3.738492584228515625e+01 1.263211536407470703e+01
2.889769363403320312e+01 -1.234749698638916016e+01
-1.078660488128662109e+01 1.346063041687011719e+01
-1.605800437927246094e+01 -1.408028697967529297e+01
-2.145639228820800781e+01 -1.119787693023681641e+01
-1.374719905853271484e+01 1.362260723114013672e+01
-2.756442260742187500e+01 9.381028175354003906e+00
-5.133290290832519531e+00 5.794894218444824219e+00
-4.892262458801269531e+00 4.540301322937011719e+00
-1.019797801971435547e+01 -3.152765846252441406e+01
-5.428194999694824219e+00 -1.071197891235351562e+01
-5.200127124786376953e+00 -4.196613311767578125e+00
-5.077130347490310669e-02 -1.420553874969482422e+01
4.388339042663574219e+00 -1.469691371917724609e+01
-1.635558319091796875e+01 9.569138526916503906e+00
-1.182888031005859375e+01 1.651889038085937500e+01
-1.182633972167968750e+01 1.968367767333984375e+01
2.723330307006835938e+01 1.864591026306152344e+01
-1.127855491638183594e+01 2.642045211791992188e+01
-1.002156925201416016e+01 2.795227432250976562e+01
2.253950500488281250e+01 6.969738483428955078e+00
2.254839706420898438e+01 7.045800685882568359e+00
-1.277114295959472656e+01 -1.817283987998962402e+00
-1.354500007629394531e+01 -3.121471881866455078e+00
-6.886988162994384766e+00 -2.083192825317382812e+01
-7.668303489685058594e+00 -2.141165733337402344e+01
-6.532809257507324219e+00 -2.358472061157226562e+01
-8.836551666259765625e+00 -1.290952777862548828e+01
1.811309051513671875e+01 -1.228595542907714844e+01
1.765875053405761719e+01 -1.277216911315917969e+01
5.255642414093017578e+00 1.746247291564941406e+01
8.888999938964843750e+00 1.416719245910644531e+01
-2.317259979248046875e+01 -5.308973312377929688e+00
-2.551708412170410156e+01 1.372943305969238281e+01
4.806170940399169922e+00 1.858520698547363281e+01
-1.547351551055908203e+01 1.015510749816894531e+01
-3.361055374145507812e+00 -1.634519004821777344e+01
-3.361267471313476562e+01 -5.419795513153076172e+00
2.168972778320312500e+01 1.680871200561523438e+01
-1.496683406829833984e+01 -1.620332908630371094e+01
-3.236883163452148438e+01 -1.343646430969238281e+01
-5.769867420196533203e+00 -1.702865982055664062e+01
2.794762611389160156e+00 1.528294372558593750e+01
2.239561462402343750e+01 -9.785688400268554688e+00
2.475803756713867188e+01 1.772788429260253906e+01
2.356776046752929688e+01 1.405813121795654297e+01
-1.007400512695312500e+01 3.731629371643066406e+00
-3.425526046752929688e+01 -5.922266483306884766e+00
-1.372505950927734375e+01 4.561266899108886719e+00
-1.177337646484375000e+01 1.614264678955078125e+01
3.725059890747070312e+01 -5.759557247161865234e+00
2.691360855102539062e+01 -2.431381225585937500e+00
3.720213317871093750e+01 -5.765636920928955078e+00
-2.144946575164794922e+00 -4.834938049316406250e-01
2.624770164489746094e+01 -1.470424175262451172e+01
-6.743818759918212891e+00 -1.187173128128051758e+00
-3.552312088012695312e+01 -1.060041522979736328e+01
1.640166473388671875e+01 -1.186759185791015625e+01
3.343834304809570312e+01 -7.434392571449279785e-01
1.249908447265625000e+01 1.322196197509765625e+01
6.416890621185302734e+00 4.587585449218750000e+00
1.173930263519287109e+01 6.096092224121093750e+00
-3.408034801483154297e+00 -1.814019012451171875e+01
-1.227014160156250000e+01 -2.657603073120117188e+01
-1.146455764770507812e+01 1.824040603637695312e+01
-3.805734634399414062e+01 -1.146605014801025391e+01
-8.360699653625488281e+00 -3.217921829223632812e+01
2.344080734252929688e+01 1.996836471557617188e+01
2.402316474914550781e+01 2.029586029052734375e+01
2.751420211791992188e+01 1.504588603973388672e+01
-4.062886714935302734e+00 -1.168143081665039062e+01
-1.495105552673339844e+01 -2.108245658874511719e+01
-5.778284072875976562e+00 2.308771514892578125e+01
-5.874240875244140625e+00 2.304804801940917969e+01
-1.271433639526367188e+01 -9.960227012634277344e+00
-1.516832256317138672e+01 -1.509899234771728516e+01
2.644580650329589844e+01 2.181444549560546875e+01
2.540817451477050781e+01 1.939229202270507812e+01
2.994848251342773438e+01 1.070045375823974609e+01
-1.144392299652099609e+01 2.575501251220703125e+01
-3.057991409301757812e+01 -1.344286060333251953e+01
1.391641139984130859e+01 1.066223335266113281e+01
1.745834541320800781e+01 -1.689681816101074219e+01
-8.044580459594726562e+00 1.851109886169433594e+01
1.034424495697021484e+01 -1.812873458862304688e+01
-3.535845184326171875e+01 -1.218181514739990234e+01
-2.928785800933837891e+00 2.222212791442871094e+01
-1.194961643218994141e+01 8.827584385871887207e-01
1.316165637969970703e+01 -1.239886474609375000e+01
3.065212821960449219e+01 -8.072043418884277344e+00
2.338321685791015625e+01 1.837284660339355469e+01
-2.128209877014160156e+01 2.360077476501464844e+01
7.739055156707763672e+00 -1.821739387512207031e+01
-4.160052776336669922e+00 3.025799179077148438e+01
-3.444630432128906250e+01 -1.551955413818359375e+01
-7.967098712921142578e+00 1.610668373107910156e+01
-2.364580726623535156e+01 9.544176101684570312e+00
5.800266742706298828e+00 5.588228702545166016e-01
1.061329936981201172e+01 -1.676535797119140625e+01
1.579379749298095703e+01 1.644096946716308594e+01
1.441659545898437500e+01 6.893342018127441406e+00
1.941434025764465332e+00 -5.661180019378662109e+00
-1.433521652221679688e+01 2.105827140808105469e+01
-1.862088584899902344e+01 -2.009531021118164062e+01
-1.910794067382812500e+01 -1.268760395050048828e+01
-1.972202491760253906e+01 -1.813822388648986816e+00
-1.599148654937744141e+01 -2.197156715393066406e+01
1.903646659851074219e+01 -1.493499374389648438e+01
-2.434348297119140625e+01 -2.161027336120605469e+01
-2.281068229675292969e+01 -4.144028663635253906e+00
-1.576144123077392578e+01 -6.213717460632324219e+00
-8.721630096435546875e+00 -1.957827758789062500e+01
1.539264869689941406e+01 1.675524902343750000e+01
1.333094596862792969e+01 -1.869671440124511719e+01
2.123953247070312500e+01 -6.104693889617919922e+00
-1.079925537109375000e+01 -3.126395416259765625e+01
-1.612085533142089844e+01 -1.752491760253906250e+01
1.775005340576171875e+00 6.473274707794189453e+00
1.258314800262451172e+01 -1.169373273849487305e+00
5.007195472717285156e+00 1.129364871978759766e+01
2.368333816528320312e+01 1.084009265899658203e+01
-6.967660903930664062e+00 -1.225372314453125000e+01
7.671269416809082031e+00 -6.883166313171386719e+00
1.957806968688964844e+01 1.238965320587158203e+01
9.251578330993652344e+00 -2.257012939453125000e+01
3.327583074569702148e+00 2.775325202941894531e+01
-6.452359199523925781e+00 -1.967007064819335938e+01
-1.348604106903076172e+01 4.269919395446777344e+00
-2.619987869262695312e+01 1.161990165710449219e+01
2.360162925720214844e+01 -2.920730590820312500e+00
-1.851348686218261719e+01 -9.797729492187500000e+00
9.186812400817871094e+00 2.673223495483398438e+00
-2.397123908996582031e+01 1.292599868774414062e+01
1.470417881011962891e+01 1.398010826110839844e+01
1.382182979583740234e+01 -1.088866424560546875e+01
1.748670005798339844e+01 8.304912567138671875e+00
1.841127204895019531e+01 2.667132949829101562e+01
2.255078315734863281e+01 2.476914405822753906e+01
-1.064655876159667969e+01 1.741128158569335938e+01
-1.839357948303222656e+01 -2.004497337341308594e+01
-1.836413383483886719e+01 -2.028206443786621094e+01
-1.931169509887695312e+01 -2.107144165039062500e+01
3.026281166076660156e+01 2.182206726074218750e+01
8.751061558723449707e-01 2.335230636596679688e+01
1.845086669921875000e+01 -1.671070861816406250e+01
9.624287605285644531e+00 -1.819115257263183594e+01
1.078824901580810547e+01 -6.502467155456542969e+00
2.069384765625000000e+01 2.772419929504394531e+00
9.418255686759948730e-01 -2.349690645933151245e-01
-9.149727821350097656e+00 -8.466601371765136719e+00
8.090559959411621094e+00 1.266581726074218750e+01
-7.976602554321289062e+00 2.775615215301513672e+00
-9.475498795509338379e-01 1.261829090118408203e+01
-3.561985397338867188e+01 -5.925582408905029297e+00
1.892952537536621094e+01 1.672463798522949219e+01
-7.001830577850341797e+00 1.377184510231018066e+00
-2.902725982666015625e+01 1.277846050262451172e+01
2.595512390136718750e+01 1.490987586975097656e+01
-4.226419448852539062e+00 2.471376991271972656e+01
1.173898887634277344e+01 -1.837007141113281250e+01
-1.466322422027587891e+01 -1.236283874511718750e+01
2.757275009155273438e+01 2.250395965576171875e+01
-1.810522651672363281e+01 -1.510763406753540039e+00
-2.110565376281738281e+01 -2.704401016235351562e+00
4.631835460662841797e+00 1.894602775573730469e+01
